
cost: 3.835025 s
cost: 16.980859 s